$ANSIBLE_VAULT;1.1;AES256
63323563353337633632346261316364653139666436333864646263396530366364316533323439
3866636465643731363734643663353964343037613962340a386438656465303633646565653634
31363230353436636630383739363562383261613062653138626261323736613936653735393431
6262373964353234640a613736326530643531363235396330613562346339626134626235376562
64376534306438656364616233353466666132363837383630613132393435343365393862363162
37346136366134643935383866323638303533623839643537373435353934626234643634383832
34346638313336636431633162613836393333396537663263353935643233646261303039393464
39386464653265363437373361663337666635663138663133376634386234393436356465336663
39386464663561666265653263653938633032366664346535353939376135613763346131333366
34613431663062653761366332336263326435376264353935653762636463343535666333343666
37386664653539623133356666646133386365383638343864396233616463366363643739666439
64326136613436663765326537646337346639303164363165303633663536643833383931643134
35353738323533316533346464363564326430646337613265363364363739326164313866336233
65353264306166316530646232366230326561643233313435356663396166663564363630643764
61646166636165396161626564646636376535326564333562333961663664363238346163313137
65313838613634626362326563396439616137353639623961363861313832653135623930656639
32366632646630316431633161633038346537316339383631393234333565613836643564353334
62343338376532623330623437343031343762396235613932366236386461363566633939326162
62303434623637653162613030653464623364323837346436323766343631663763376166653661
61343335666434333536666435633738366539353438636135653261343964356665623637383362
66663433346564626162353930346337323139323165333539663862653235303730626238326335
32343861353935383063383133376262653832366161343236353830633862366130363537336133
38373965373561303131656433323832326635313436393566366337656639356366363135303166
62323731616537646334653732396239353266373832323061303639323835383630363431613134
6233
